Date,Total_IMSIs;Registered_Users;Users_CDC1;Users_CDC2;National_Roaming;International_Roaming
April 01, 2024;784643;514131;1656;2008;488040;22427
April 02, 2024;788001;518177;1640;2003;494394;20140
April 03, 2024;842362;524388;1653;2021;500655;20059
April 04, 2024;851289;537063;1625;2018;513254;20166
April 05, 2024;884506;553759;1895;2148;529391;20325
April 06, 2024;916184;597333;2009;2180;572148;20996
April 07, 2024;916497;601438;2030;2260;578097;19051
April 08, 2024;917197;604109;1945;2266;583499;16399
April 09, 2024;937068;613622;2163;2455;592416;16588
April 10, 2024;955867;633453;2130;2464;611729;17130
April 11, 2024;963071;660470;2284;2483;637759;17944
April 12, 2024;969818;674016;2151;2369;651156;18340
April 13, 2024;975523;681492;2215;2310;657742;19225
April 14, 2024;975698;686515;2234;2274;662809;19198
April 15, 2024;977150;690249;2174;2280;668521;17274
April 16, 2024;1002562;696638;2311;2398;674341;17588
April 17, 2024;1047726;704145;2551;2477;681368;17749
April 18, 2024;1068193;713620;2644;2517;690486;17973
April 19, 2024;1076036;731677;2619;2524;707696;18838
April 20, 2024;1103800;765472;3454;1766;739724;20528
April 21, 2024;1104640;772814;2663;2585;746775;20791
April 22, 2024;1104837;778229;1306;3976;754005;18942
April 23, 2024;1226663;792272;3080;2729;767114;19349
April 24, 2024;1259579;818681;3060;2838;792668;20115
April 25, 2024;1277043;858156;3184;3034;830347;21591
April 26, 2024;1319867;908465;1411;5088;877098;24868
April 27, 2024;1319867;908465;1411;5088;877098;24868
April 28, 2024;1314551;909516;3003;3468;876469;26576
